(0, 0, 0)
(0, 255, 0)(175, 422)(173, 416)2
(0, 255, 0)(166, 370)(163, 311)2
(0, 255, 0)(161, 290)(157, 230)2
(0, 255, 0)(161, 207)(165, 188)2
(0, 255, 0)(166, 184)(168, 181)2
(0, 255, 0)(173, 178)(177, 177)2
(0, 255, 0)(188, 177)(192, 178)2
(0, 255, 0)(204, 183)(209, 186)2
(0, 255, 0)(215, 192)(229, 213)2
(0, 255, 0)(232, 222)(237, 241)2
(0, 255, 0)(237, 254)(237, 262)2
(0, 255, 0)(234, 278)(231, 288)2
(0, 255, 0)(226, 302)(225, 307)2
(0, 255, 0)(223, 311)(222, 316)2
(0, 255, 0)(223, 316)(224, 315)2
(0, 255, 0)(245, 295)(279, 270)2
(0, 255, 0)(325, 236)(359, 211)2
(0, 255, 0)(375, 198)(398, 182)2
(0, 255, 0)(403, 179)(405, 178)2
(0, 255, 0)(400, 188)(396, 198)2
(0, 255, 0)(392, 210)(390, 219)2
(0, 255, 0)(389, 219)(395, 242)2
(0, 255, 0)(398, 251)(417, 266)2
(0, 255, 0)(451, 283)(477, 294)2
(0, 255, 0)(491, 300)(536, 316)2
(0, 255, 0)(547, 322)(567, 330)2
(0, 255, 0)(573, 336)(577, 340)2
(0, 255, 0)(583, 351)(583, 356)2
(0, 255, 0)(581, 360)(575, 372)2
(0, 255, 0)(569, 379)(547, 402)2
(0, 255, 0)(528, 421)(501, 448)2
(0, 255, 0)(460, 482)(446, 488)2
(0, 255, 0)(431, 490)(421, 490)2
(0, 255, 0)(415, 488)(405, 478)2
(0, 255, 0)(401, 468)(401, 438)2
(0, 255, 0)(401, 428)(401, 418)2
(0, 255, 0)(404, 406)(405, 402)2
(0, 255, 0)(407, 401)(407, 398)2
(0, 255, 0)(405, 400)(399, 406)2
(255, 127, 0)(117, 28)(119, 33)132
(255, 127, 0)(121, 34)(132, 45)132
(255, 127, 0)(138, 52)(146, 60)132
(255, 127, 0)(161, 75)(168, 82)132
(255, 127, 0)(185, 99)(193, 107)132
(255, 127, 0)(201, 116)(221, 137)132
(255, 127, 0)(232, 149)(245, 162)132
(255, 127, 0)(272, 190)(283, 204)132
(255, 127, 0)(310, 230)(325, 244)132
(255, 127, 0)(333, 254)(356, 275)132
(255, 127, 0)(367, 287)(390, 315)132
(255, 127, 0)(399, 326)(414, 344)132
(255, 127, 0)(438, 374)(450, 390)132
(255, 127, 0)(472, 419)(481, 429)132
(255, 127, 0)(491, 438)(503, 451)132
(255, 127, 0)(504, 452)(516, 466)132
(255, 127, 0)(525, 476)(527, 480)132
(255, 127, 0)(530, 485)(531, 487)132
(255, 127, 0)(531, 488)(533, 490)132
(255, 127, 0)(533, 492)(533, 494)132
(255, 127, 0)(533, 496)(533, 497)132
(255, 127, 0)(533, 498)(532, 499)132
(255, 127, 0)(532, 500)(531, 500)132
(255, 127, 0)(530, 500)(529, 502)132
(255, 127, 0)(529, 504)(528, 504)132
(255, 127, 0)(527, 506)(526, 506)132
(255, 127, 0)(525, 506)(525, 504)132
(255, 127, 0)(525, 503)(525, 502)132
(255, 127, 0)(525, 504)(525, 508)132
(255, 127, 0)(526, 514)(530, 523)132
(255, 127, 0)(533, 528)(541, 540)132
(255, 127, 0)(547, 549)(551, 556)132
(255, 127, 0)(561, 568)(565, 573)132
(255, 127, 0)(569, 580)(578, 594)132
(255, 127, 0)(582, 599)(594, 610)132
(255, 127, 0)(598, 614)(602, 618)132
(255, 127, 0)(608, 624)(610, 628)132
(255, 127, 0)(613, 634)(615, 636)132
(255, 127, 0)(616, 637)(618, 641)132
(255, 127, 0)(619, 642)(619, 643)132
(255, 127, 0)(621, 646)(622, 648)132
(255, 127, 0)(625, 652)(627, 655)132
(255, 127, 0)(629, 658)(632, 664)132
(255, 127, 0)(634, 668)(639, 674)132
(255, 127, 0)(640, 677)(644, 682)132
(255, 127, 0)(647, 686)(650, 688)132
(255, 127, 0)(659, 696)(663, 700)132
(255, 127, 0)(670, 706)(673, 707)132
(255, 127, 0)(675, 709)(679, 712)132
(255, 127, 0)(682, 714)(689, 716)132
(255, 127, 0)(691, 718)(695, 719)132
(255, 127, 0)(701, 722)(704, 724)132
(255, 127, 0)(706, 725)(711, 728)132
(255, 127, 0)(712, 730)(717, 733)132
(255, 127, 0)(718, 735)(721, 737)132
(255, 127, 0)(723, 739)(724, 740)132
(255, 127, 0)(726, 742)(727, 742)132
(255, 127, 0)(727, 743)(728, 744)132
(255, 127, 0)(729, 744)(729, 745)132
(255, 127, 0)(729, 746)(140, 757)132
(255, 127, 0)(141, 756)(147, 749)132
(255, 127, 0)(160, 734)(167, 725)132
(255, 127, 0)(173, 717)(191, 699)132
(255, 127, 0)(206, 681)(221, 664)132
(255, 127, 0)(250, 638)(269, 620)132
(255, 127, 0)(297, 594)(307, 586)132
(255, 127, 0)(317, 574)(337, 552)132
(255, 127, 0)(345, 545)(367, 518)132
(255, 127, 0)(381, 500)(391, 490)132
(255, 127, 0)(425, 445)(433, 434)132
(255, 127, 0)(449, 414)(461, 402)132
(255, 127, 0)(467, 394)(476, 384)132
(255, 127, 0)(479, 380)(487, 370)132
(255, 127, 0)(493, 363)(502, 351)132
(255, 127, 0)(506, 346)(510, 342)132
(255, 127, 0)(517, 329)(523, 316)132
(255, 127, 0)(536, 294)(543, 284)132
(255, 127, 0)(553, 270)(565, 250)132
(255, 127, 0)(570, 246)(574, 240)132
(255, 127, 0)(582, 230)(585, 225)132
(255, 127, 0)(588, 219)(591, 214)132
(255, 127, 0)(593, 210)(605, 192)132
(255, 127, 0)(613, 173)(622, 158)132
(255, 127, 0)(627, 151)(631, 144)132
(255, 127, 0)(639, 132)(643, 126)132
(255, 127, 0)(657, 124)(658, 123)132
(255, 127, 0)(659, 122)(664, 114)132
(255, 127, 0)(665, 112)(676, 97)132
(255, 127, 0)(680, 90)(685, 85)132
(255, 127, 0)(693, 75)(697, 70)132
(255, 127, 0)(706, 56)(711, 51)132
(255, 127, 0)(713, 47)(719, 40)132
(255, 127, 0)(723, 36)(725, 32)132
(255, 127, 0)(733, 24)(736, 20)132
(255, 127, 0)(740, 14)(741, 12)132
(255, 127, 0)(742, 12)(743, 10)132
(255, 127, 0)(744, 10)(744, 9)132
(255, 127, 0)(745, 9)(745, 8)132
(255, 127, 0)(747, 7)(747, 6)132
(255, 127, 0)(749, 4)(747, 4)132
(255, 127, 0)(745, 4)(744, 4)132
(255, 127, 0)(741, 4)(737, 5)132
(255, 127, 0)(731, 6)(727, 8)132
(255, 127, 0)(721, 8)(713, 10)132
(255, 127, 0)(706, 10)(682, 14)132
(255, 127, 0)(673, 15)(663, 16)132
(255, 127, 0)(627, 20)(619, 22)132
(255, 127, 0)(577, 26)(568, 26)132
(255, 127, 0)(554, 28)(516, 34)132
(255, 127, 0)(505, 35)(484, 38)132
(255, 127, 0)(459, 40)(442, 40)132
(255, 127, 0)(411, 40)(386, 39)132
(255, 127, 0)(371, 37)(363, 36)132
(255, 127, 0)(340, 34)(326, 32)132
(255, 127, 0)(319, 32)(305, 32)132
(255, 127, 0)(295, 32)(281, 32)132
(255, 127, 0)(275, 32)(267, 32)132
(255, 127, 0)(247, 32)(241, 32)132
(255, 127, 0)(232, 32)(227, 32)132
(255, 127, 0)(222, 32)(213, 32)132
(255, 127, 0)(211, 32)(208, 32)132
(255, 127, 0)(205, 32)(203, 32)132
(255, 127, 0)(201, 32)(200, 32)132
(255, 127, 0)(199, 32)(197, 32)132
(255, 127, 0)(195, 33)(193, 33)132
(255, 127, 0)(192, 33)(191, 34)132
(255, 127, 0)(190, 34)(189, 34)132
(255, 127, 0)(187, 34)(186, 34)132
(255, 127, 0)(185, 34)(183, 34)132
(255, 127, 0)(181, 34)(179, 34)132
(255, 127, 0)(177, 34)(176, 34)132
(255, 127, 0)(175, 35)(173, 36)132
(255, 127, 0)(171, 36)(167, 37)132
(255, 127, 0)(165, 37)(162, 38)132
(255, 127, 0)(159, 40)(157, 40)132
(255, 127, 0)(156, 41)(153, 42)132
(255, 127, 0)(151, 42)(150, 42)132
(255, 127, 0)(151, 42)(153, 42)132
(255, 127, 0)(155, 42)(156, 42)132
(255, 127, 0)(164, 37)(166, 36)132
(255, 127, 0)(171, 35)(173, 35)132
(255, 127, 0)(177, 34)(179, 34)132
(255, 127, 0)(183, 34)(189, 34)132
(255, 127, 0)(194, 34)(203, 34)132
(255, 127, 0)(208, 34)(225, 34)132
(255, 127, 0)(233, 34)(240, 34)132
(255, 127, 0)(250, 35)(257, 36)132
(255, 127, 0)(263, 36)(279, 37)132
(255, 127, 0)(283, 37)(298, 37)132
(255, 127, 0)(311, 37)(321, 37)132
(255, 127, 0)(339, 37)(355, 37)132
(255, 127, 0)(371, 37)(378, 38)132
(255, 127, 0)(389, 38)(405, 40)132
(255, 127, 0)(411, 41)(416, 41)132
(255, 127, 0)(434, 44)(444, 46)132
(255, 127, 0)(460, 47)(471, 48)132
(255, 127, 0)(485, 48)(499, 49)132
(255, 127, 0)(508, 49)(528, 49)132
(255, 127, 0)(535, 49)(542, 49)132
(255, 127, 0)(564, 47)(573, 47)132
(255, 127, 0)(583, 46)(589, 46)132
(255, 127, 0)(593, 46)(603, 46)132
(255, 127, 0)(609, 46)(613, 46)132
(255, 127, 0)(619, 46)(623, 46)132
(255, 127, 0)(634, 46)(642, 44)132
(255, 127, 0)(647, 44)(651, 44)132
(255, 127, 0)(654, 44)(657, 43)132
(255, 127, 0)(659, 43)(664, 42)132
(255, 127, 0)(676, 41)(681, 41)132
(255, 127, 0)(688, 40)(690, 40)132
(255, 127, 0)(692, 39)(695, 38)132
(255, 127, 0)(696, 38)(698, 38)132
(255, 127, 0)(699, 38)(701, 38)132
(255, 127, 0)(705, 38)(709, 37)132
(255, 127, 0)(713, 36)(719, 35)132
(255, 127, 0)(721, 34)(726, 33)132
(255, 127, 0)(729, 32)(732, 32)132
(255, 127, 0)(739, 32)(741, 31)132
(255, 127, 0)(747, 31)(749, 30)132
(255, 127, 0)(751, 30)(753, 29)132
(255, 127, 0)(755, 29)(756, 29)132
(255, 127, 0)(757, 29)(756, 29)132
(255, 127, 0)(755, 29)(748, 29)132
(255, 127, 0)(744, 29)(739, 29)132
(255, 127, 0)(727, 30)(711, 30)132
(255, 127, 0)(700, 30)(688, 31)132
(255, 127, 0)(667, 31)(649, 31)132
(255, 127, 0)(632, 31)(619, 30)132
(255, 127, 0)(605, 29)(588, 29)132
(255, 127, 0)(575, 28)(563, 27)132
(255, 127, 0)(545, 27)(535, 27)132
(255, 127, 0)(511, 26)(504, 26)132
(255, 127, 0)(498, 26)(477, 24)132
(255, 127, 0)(469, 24)(456, 24)132
(255, 127, 0)(445, 23)(435, 22)132
(255, 127, 0)(421, 22)(415, 22)132
(255, 127, 0)(406, 22)(390, 22)132
(255, 127, 0)(383, 22)(373, 24)132
(255, 127, 0)(362, 25)(343, 27)132
(255, 127, 0)(336, 28)(329, 28)132
(255, 127, 0)(313, 30)(305, 31)132
(255, 127, 0)(301, 32)(293, 33)132
(255, 127, 0)(287, 35)(271, 38)132
(255, 127, 0)(265, 39)(261, 40)132
(255, 127, 0)(251, 43)(247, 44)132
(255, 127, 0)(241, 44)(233, 46)132
(255, 127, 0)(229, 46)(223, 49)132
(255, 127, 0)(220, 49)(217, 50)132
(255, 127, 0)(213, 52)(209, 52)132
(255, 127, 0)(204, 52)(201, 52)132
(255, 127, 0)(197, 52)(191, 52)132
(255, 127, 0)(189, 52)(186, 52)132
(255, 127, 0)(184, 53)(183, 53)132
(255, 127, 0)(180, 53)(179, 53)132
(255, 127, 0)(178, 53)(177, 52)132
(255, 127, 0)(179, 52)(182, 51)132
(255, 127, 0)(184, 51)(188, 50)132
(255, 127, 0)(189, 50)(205, 46)132
(255, 127, 0)(216, 46)(221, 47)132
(255, 127, 0)(239, 48)(251, 50)132
(255, 127, 0)(259, 50)(289, 52)132
(255, 127, 0)(308, 52)(345, 53)132
(255, 127, 0)(364, 53)(379, 53)132
(255, 127, 0)(428, 56)(457, 56)132
(255, 127, 0)(502, 56)(545, 56)132
(255, 127, 0)(561, 55)(623, 54)132
(255, 127, 0)(644, 54)(679, 54)132
(255, 127, 0)(717, 54)(736, 54)132
(255, 127, 0)(780, 54)(795, 54)132
(255, 127, 0)(799, 53)(799, 50)132
(255, 127, 0)(799, 49)(799, 46)132
(255, 127, 0)(799, 45)(799, 44)132
(255, 127, 0)(799, 43)(799, 41)132
(255, 127, 0)(799, 40)(799, 39)132
(255, 127, 0)(799, 38)(799, 37)132
(255, 127, 0)(799, 36)(769, 36)132
(255, 127, 0)(747, 38)(723, 40)132
(255, 127, 0)(680, 44)(659, 46)132
(255, 127, 0)(640, 50)(585, 52)132
(255, 127, 0)(547, 56)(512, 56)132
(255, 127, 0)(479, 58)(469, 59)132
(255, 127, 0)(434, 62)(419, 64)132
(255, 127, 0)(385, 66)(367, 66)132
(255, 127, 0)(355, 66)(315, 65)132
(255, 127, 0)(305, 63)(277, 60)132
(255, 127, 0)(269, 59)(264, 58)132
(255, 127, 0)(252, 57)(247, 56)132
(255, 127, 0)(237, 54)(233, 52)132
(255, 127, 0)(229, 50)(223, 48)132
(255, 127, 0)(221, 47)(217, 46)132
(255, 127, 0)(215, 46)(213, 46)132
(255, 127, 0)(211, 46)(210, 46)132
(255, 127, 0)(207, 46)(205, 46)132
(255, 127, 0)(203, 46)(201, 46)132
(255, 127, 0)(199, 46)(198, 46)132
(255, 127, 0)(195, 45)(193, 45)132
(255, 127, 0)(189, 45)(188, 45)132
(255, 127, 0)(185, 45)(182, 46)132
(255, 127, 0)(180, 46)(177, 46)132
(255, 127, 0)(176, 46)(175, 46)132
(255, 127, 0)(173, 46)(172, 46)132
(255, 127, 0)(171, 46)(173, 46)132
(255, 127, 0)(174, 46)(175, 46)132
(255, 127, 0)(176, 45)(177, 45)132
(255, 127, 0)(205, 39)(216, 38)132
(255, 127, 0)(227, 36)(244, 36)132
(255, 127, 0)(255, 36)(269, 35)132
(255, 127, 0)(291, 35)(311, 34)132
(255, 127, 0)(343, 33)(357, 33)132
(255, 127, 0)(382, 30)(407, 30)132
(255, 127, 0)(435, 30)(447, 30)132
(255, 127, 0)(493, 30)(505, 30)132
(255, 127, 0)(553, 30)(563, 30)132
(255, 127, 0)(586, 30)(617, 30)132
(255, 127, 0)(632, 30)(663, 31)132
(255, 127, 0)(673, 31)(690, 32)132
(255, 127, 0)(709, 32)(716, 32)132
(255, 127, 0)(721, 32)(729, 32)132
(255, 127, 0)(731, 33)(733, 33)132
(255, 127, 0)(733, 34)(732, 34)132
(255, 127, 0)(723, 34)(711, 35)132
(255, 127, 0)(700, 37)(691, 38)132
(255, 127, 0)(653, 48)(616, 58)132
(255, 127, 0)(531, 85)(484, 97)132
(255, 127, 0)(401, 109)(383, 111)132
(255, 127, 0)(335, 111)(285, 111)132
(255, 127, 0)(257, 113)(239, 114)132
(255, 127, 0)(188, 117)(164, 118)132
(255, 127, 0)(133, 118)(119, 118)132
(255, 127, 0)(107, 117)(93, 115)132
(255, 127, 0)(89, 114)(81, 112)132