(0, 0, 0)
(255, 255, 255)(213, 570)(213, 570)2
(255, 127, 0)(313, 406)(265, 194)2
(255, 127, 0)(274, 183)(296, 156)2
(255, 127, 0)(309, 145)(343, 129)2
(255, 127, 0)(353, 124)(389, 112)2
(255, 127, 0)(398, 109)(420, 107)2
(255, 127, 0)(433, 110)(442, 114)2
(255, 127, 0)(447, 119)(448, 121)2
(255, 127, 0)(451, 132)(451, 141)2
(255, 127, 0)(449, 157)(446, 171)2
(255, 127, 0)(425, 241)(405, 296)2
(255, 127, 0)(373, 365)(367, 383)2
(255, 127, 0)(351, 437)(347, 446)2
(255, 127, 0)(343, 455)(343, 463)2
(255, 127, 0)(343, 464)(343, 465)2
(255, 127, 0)(346, 466)(347, 466)2
(255, 127, 0)(361, 464)(385, 458)2
(255, 127, 0)(429, 445)(475, 432)2
(255, 127, 0)(489, 427)(556, 397)2
(255, 127, 0)(600, 376)(634, 363)2
(255, 127, 0)(648, 358)(663, 352)2
(255, 127, 0)(664, 352)(665, 352)2
(255, 127, 0)(663, 354)(657, 360)2
(255, 127, 0)(653, 362)(649, 366)2
(255, 127, 0)(647, 368)(645, 370)2
(255, 127, 0)(644, 370)(643, 370)2
(255, 127, 0)(255, 290)(265, 274)2
(255, 127, 0)(298, 239)(322, 212)2
(255, 127, 0)(358, 184)(382, 170)2
(255, 127, 0)(408, 153)(424, 146)2
(255, 127, 0)(439, 142)(440, 142)2
(255, 127, 0)(443, 145)(445, 150)2
(255, 127, 0)(445, 162)(444, 172)2
(255, 127, 0)(439, 214)(433, 269)2
(255, 127, 0)(409, 395)(388, 512)2
(255, 127, 0)(382, 552)(374, 607)2
(255, 127, 0)(372, 615)(371, 620)2
(255, 127, 0)(371, 621)(373, 621)2
(255, 127, 0)(389, 610)(410, 590)2
(255, 127, 0)(496, 522)(519, 497)2
(255, 127, 0)(594, 438)(627, 410)2
(255, 127, 0)(641, 400)(647, 394)2
(255, 127, 0)(648, 394)(646, 400)2
(255, 127, 0)(631, 434)(631, 436)2
(255, 127, 0)(605, 500)(593, 547)2
(255, 127, 0)(590, 563)(590, 571)2
(255, 127, 0)(590, 574)(593, 574)2
(255, 127, 0)(599, 569)(641, 529)2
(255, 127, 0)(658, 510)(689, 480)2
(255, 127, 0)(723, 436)(735, 419)2
(255, 127, 0)(743, 402)(744, 400)2
(255, 127, 0)(743, 398)(741, 398)2
(255, 127, 0)(737, 397)(733, 397)2
(255, 127, 0)(728, 397)(717, 397)2
(255, 127, 0)(712, 397)(703, 393)2
(255, 127, 0)(698, 390)(683, 370)2
(255, 127, 0)(673, 350)(650, 292)2
(255, 127, 0)(646, 268)(635, 204)2
(255, 127, 0)(632, 181)(630, 160)2
(255, 127, 0)(629, 155)(629, 153)2
(255, 127, 0)(627, 150)(625, 150)2
(255, 127, 0)(621, 148)(617, 148)2
(255, 127, 0)(607, 148)(605, 148)2
(255, 127, 0)(598, 150)(595, 152)2
(255, 127, 0)(593, 153)(592, 154)2
(255, 127, 0)(591, 154)(592, 151)2
(255, 127, 0)(592, 150)(595, 138)2
(255, 127, 0)(594, 114)(589, 98)2
(255, 127, 0)(575, 62)(569, 55)2
(255, 127, 0)(552, 40)(517, 30)2
(255, 127, 0)(509, 29)(493, 30)2
(255, 127, 0)(463, 32)(439, 36)2
(255, 127, 0)(420, 38)(403, 38)2
(255, 127, 0)(390, 38)(373, 38)2
(255, 127, 0)(369, 38)(359, 37)2
(255, 127, 0)(355, 36)(351, 36)2
(255, 127, 0)(341, 36)(337, 36)2
(255, 127, 0)(333, 36)(331, 38)2
(255, 127, 0)(330, 40)(327, 56)2
(255, 127, 0)(327, 60)(327, 75)2
(255, 127, 0)(327, 84)(327, 101)2
(255, 127, 0)(327, 109)(328, 122)2
(255, 127, 0)(329, 126)(331, 134)2
(255, 127, 0)(333, 138)(334, 142)2
(255, 127, 0)(337, 146)(338, 147)2
(255, 127, 0)(342, 150)(346, 150)2
(255, 127, 0)(348, 151)(362, 148)2
(255, 127, 0)(373, 146)(392, 141)2
(255, 127, 0)(418, 132)(448, 125)2
(255, 127, 0)(476, 119)(502, 119)2
(255, 127, 0)(521, 120)(535, 126)2
(255, 127, 0)(545, 130)(557, 137)2
(255, 127, 0)(560, 141)(566, 155)2
(255, 127, 0)(567, 159)(569, 165)2
(255, 127, 0)(571, 175)(571, 182)2
(255, 127, 0)(573, 194)(571, 201)2
(255, 127, 0)(563, 229)(559, 240)2
(255, 127, 0)(543, 274)(536, 288)2
(255, 127, 0)(523, 307)(515, 318)2
(255, 127, 0)(495, 334)(480, 340)2
(255, 127, 0)(471, 344)(445, 352)2
(255, 127, 0)(431, 354)(415, 358)2
(255, 127, 0)(401, 360)(381, 361)2
(255, 127, 0)(372, 361)(339, 360)2
(255, 127, 0)(329, 356)(316, 349)2
(255, 127, 0)(279, 325)(272, 318)2
(255, 127, 0)(263, 304)(261, 300)2
(255, 127, 0)(260, 294)(261, 290)2
(255, 127, 0)(266, 280)(271, 275)2
(255, 127, 0)(275, 268)(292, 242)2
(0, 0, 255)(302, 225)(93, 363)2
(0, 0, 255)(125, 321)(151, 282)2
(0, 0, 255)(199, 210)(219, 182)2
(0, 0, 255)(257, 120)(275, 92)2
(0, 0, 255)(289, 71)(292, 68)2
(0, 0, 255)(294, 67)(296, 66)2
(0, 0, 255)(297, 66)(297, 70)2
(0, 0, 255)(297, 76)(295, 98)2
(0, 0, 255)(291, 112)(284, 154)2
(0, 0, 255)(281, 195)(272, 280)2
(0, 0, 255)(269, 306)(266, 361)2
(0, 0, 255)(269, 392)(271, 402)2
(0, 0, 255)(273, 407)(277, 414)2
(0, 0, 255)(285, 418)(289, 418)2
(0, 0, 255)(297, 419)(301, 419)2
(0, 0, 255)(311, 419)(313, 419)2
(0, 0, 255)(316, 419)(319, 419)2
(0, 0, 255)(319, 420)(321, 421)2
(0, 0, 255)(321, 423)(322, 426)2
(0, 0, 255)(322, 434)(316, 446)2
(0, 0, 255)(316, 448)(307, 470)2
(0, 0, 255)(306, 476)(306, 480)2
(0, 0, 255)(306, 481)(306, 482)2
(0, 0, 255)(311, 481)(315, 478)2
(0, 0, 255)(344, 461)(359, 452)2
(0, 0, 255)(373, 443)(407, 426)2
(0, 0, 255)(412, 424)(416, 423)2
(0, 0, 255)(417, 424)(417, 426)2
(0, 0, 255)(410, 446)(401, 460)2
(0, 0, 255)(371, 502)(369, 504)2
(0, 0, 255)(319, 579)(319, 582)2
(0, 0, 255)(319, 584)(319, 586)2
(0, 0, 255)(320, 586)(323, 586)2
(0, 0, 255)(343, 566)(363, 540)2
(0, 0, 255)(439, 461)(475, 421)2
(0, 0, 255)(532, 356)(561, 332)2
(0, 0, 255)(581, 312)(585, 308)2
(0, 0, 255)(588, 306)(590, 305)2
(0, 0, 255)(590, 306)(589, 308)2
(0, 0, 255)(584, 315)(583, 318)2
(0, 0, 255)(223, 401)(255, 346)2
(0, 0, 255)(285, 318)(315, 286)2
(0, 0, 255)(396, 220)(443, 189)2
(0, 0, 255)(517, 153)(547, 138)2
(0, 0, 255)(591, 126)(599, 125)2
(0, 0, 255)(603, 126)(610, 128)2
(0, 0, 255)(612, 131)(616, 143)2
(0, 0, 255)(617, 151)(617, 169)2
(0, 0, 255)(617, 185)(608, 248)2
(0, 0, 255)(602, 278)(594, 320)2
(0, 0, 255)(573, 390)(565, 418)2
(0, 0, 255)(543, 492)(537, 520)2
(0, 0, 255)(533, 557)(532, 562)2
(0, 0, 255)(533, 606)(533, 608)2
(0, 0, 255)(533, 612)(535, 613)2
(0, 0, 255)(539, 613)(544, 610)2
(0, 0, 255)(567, 592)(591, 565)2
(0, 0, 255)(646, 510)(680, 464)2
(0, 0, 255)(724, 410)(731, 399)2
(0, 0, 255)(742, 387)(757, 365)2
(0, 0, 255)(761, 357)(767, 346)2
(0, 0, 255)(768, 341)(769, 335)2
(0, 0, 255)(769, 334)(769, 331)2
(0, 0, 255)(768, 330)(766, 329)2
(0, 0, 255)(765, 329)(761, 329)2
(0, 0, 255)(758, 329)(752, 330)2
(0, 0, 255)(750, 330)(748, 331)2
(0, 0, 255)(742, 332)(734, 332)2
(0, 0, 255)(713, 334)(703, 334)2
(0, 0, 255)(651, 331)(613, 322)2
(0, 0, 255)(578, 311)(512, 289)2
(0, 0, 255)(502, 285)(471, 279)2
(0, 0, 255)(466, 279)(459, 282)2
(0, 0, 255)(456, 284)(450, 294)2
(0, 0, 255)(445, 308)(441, 314)2
(0, 0, 255)(435, 326)(432, 330)2
(0, 0, 255)(430, 334)(429, 335)2
(0, 0, 255)(429, 336)(429, 337)2
(0, 0, 255)(431, 337)(435, 329)2
(0, 0, 255)(440, 319)(443, 310)2
(0, 0, 255)(444, 308)(459, 278)2
(0, 0, 255)(466, 265)(485, 231)2
(0, 0, 255)(517, 178)(525, 161)2
(0, 0, 255)(550, 112)(555, 102)2
(0, 0, 255)(563, 89)(564, 86)2
(0, 0, 255)(565, 86)(566, 86)2
(0, 0, 255)(566, 88)(566, 90)2
(0, 0, 255)(565, 103)(564, 111)2
(0, 0, 255)(560, 128)(557, 137)2
(0, 0, 255)(549, 164)(543, 180)2
(0, 0, 255)(531, 211)(511, 256)2
(0, 0, 255)(497, 284)(482, 311)2
(0, 0, 255)(472, 328)(459, 347)2
(0, 0, 255)(455, 353)(450, 358)2
(0, 0, 255)(443, 365)(439, 368)2
(0, 0, 255)(436, 370)(435, 370)2
(0, 0, 255)(434, 370)(433, 370)2